<?xml version="1.0" encoding="UTF-8" standalone="no"?>
<!-- Generator: Adobe Illustrator 22.0.1, SVG Export Plug-In . SVG Version: 6.00 Build 0)  -->

<svg
   version="1.1"
   id="Layer_1"
   x="0px"
   y="0px"
   viewBox="0 0 397.87109 209.48417"
   xml:space="preserve"
   sodipodi:docname="rustwg.svg"
   width="397.87109"
   height="209.48416"
   inkscape:version="1.2.2 (b0a84865, 2022-12-01)"
   xmlns:inkscape="http://www.inkscape.org/namespaces/inkscape"
   xmlns:sodipodi="http://sodipodi.sourceforge.net/DTD/sodipodi-0.dtd"
   xmlns="http://www.w3.org/2000/svg"
   xmlns:svg="http://www.w3.org/2000/svg"><defs
   id="defs334" /><sodipodi:namedview
   id="namedview332"
   pagecolor="#ffffff"
   bordercolor="#666666"
   borderopacity="1.0"
   inkscape:showpageshadow="2"
   inkscape:pageopacity="0.0"
   inkscape:pagecheckerboard="0"
   inkscape:deskcolor="#d1d1d1"
   showgrid="false"
   inkscape:zoom="0.90944123"
   inkscape:cx="229.26165"
   inkscape:cy="81.918432"
   inkscape:window-width="1262"
   inkscape:window-height="803"
   inkscape:window-x="0"
   inkscape:window-y="25"
   inkscape:window-maximized="0"
   inkscape:current-layer="Layer_1" />
<style
   type="text/css"
   id="style275">
	.st0{fill:#1DCAD3;}
</style>


























<g
   id="g577"
   transform="translate(70.685546)"><polygon
     class="st0"
     points="1.7,37.2 14.9,0 13.2,0 0,37.2 "
     id="polygon277" /><polygon
     class="st0"
     points="29.9,4.5 25.4,7.5 25.8,1.8 24.2,1.8 24.6,7.5 20.1,4.5 19.3,5.9 24.3,8.3 19.3,10.7 20.1,12.1 24.6,9.1 24.2,14.9 25.8,14.9 25.4,9.1 29.9,12.1 30.7,10.7 25.7,8.3 30.7,5.9 "
     id="polygon279" /><path
     class="st0"
     d="m 50,23.6 h 14.2 l 3.1,8 h 1.8 L 57.4,1.5 H 56.9 L 45.2,31.6 H 47 Z M 56.3,7.4 c 0.4,-1 0.8,-2.5 0.8,-2.7 0,0.1 0.4,1.7 0.8,2.7 L 63.6,22 h -13 z"
     id="path281" /><path
     class="st0"
     d="m 86.4,31.9 c 5,0 9.2,-2.1 11.8,-5.9 l -1.3,-1 c -2.3,3.4 -6,5.3 -10.5,5.3 -7.4,0 -13,-5.8 -13,-13.6 0,-7.8 5.6,-13.6 13,-13.6 4.6,0 8,1.9 10.1,5 l 1.3,-1 C 95.4,3.5 91.4,1.5 86.4,1.5 c -8.1,0 -14.7,6.2 -14.7,15.2 0,9 6.5,15.2 14.7,15.2 z"
     id="path283" /><path
     class="st0"
     d="m 106.4,23.6 h 14.2 l 3.1,8 h 1.8 L 113.8,1.5 h -0.5 l -11.6,30.1 h 1.7 z m 6.3,-16.2 c 0.4,-1 0.8,-2.5 0.8,-2.7 0,0.1 0.4,1.7 0.8,2.7 L 120,22 h -13 z"
     id="path285" /><path
     class="st0"
     d="m 153.6,16.7 c 0,-9.1 -5.8,-14.9 -15.7,-14.9 h -6.1 v 29.7 h 6.1 c 9.9,0.1 15.7,-5.7 15.7,-14.8 z M 133.4,30 V 3.5 h 4.2 c 9.5,0 14.1,5.5 14.1,13.3 0,7.8 -4.6,13.2 -14.1,13.2 z"
     id="path287" /><polygon
     class="st0"
     points="177.1,3.4 177.1,1.8 160.3,1.8 160.3,31.6 177.7,31.6 177.7,30 162.1,30 162.1,17.4 175.6,17.4 175.6,15.8 162.1,15.8 162.1,3.4 "
     id="polygon289" /><path
     class="st0"
     d="m 186.2,8 c 0,-1 -0.1,-2.6 -0.1,-2.6 0,0 0.8,1.5 1.6,2.4 l 10,13.7 h 0.5 L 208.3,7.8 c 0.8,-1 1.6,-2.4 1.6,-2.4 0,0 -0.1,1.5 -0.1,2.6 v 23.6 h 1.7 V 1.5 H 211 L 198,19.2 185,1.5 h -0.4 v 30.1 h 1.7 V 8 Z"
     id="path291" /><path
     class="st0"
     d="m 227.6,31.6 h 1.8 V 20.7 l 10,-18.9 h -1.8 l -8.3,15.6 c -0.4,0.7 -0.8,1.7 -0.8,1.8 0,-0.2 -0.3,-1.1 -0.7,-1.8 L 219.5,1.8 h -1.9 l 10,18.8 z"
     id="path293" /><path
     class="st0"
     d="m 18.5,76.8 c 0,-4.1 -2.2,-6.6 -6.9,-8.8 L 8.9,66.7 c -3.6,-1.7 -5,-3.1 -5,-6.1 0,-3 2,-5 5.4,-5 3.2,0 4.8,1.7 6,3.6 l 1.4,-0.9 C 15.3,56 13.2,54 9.3,54 c -3.9,0 -7.1,2.5 -7.1,6.6 0,3.8 2,5.7 6,7.7 l 2.7,1.3 c 4,1.9 5.9,3.8 5.9,7.3 0,3.8 -3.1,6 -6.9,6 -4.6,0 -6.8,-2.5 -8.1,-5.1 l -1.5,0.7 c 1.4,3 4.2,5.9 9.7,5.9 4.9,0 8.5,-3 8.5,-7.6 z"
     id="path295" /><path
     class="st0"
     d="m 37.8,84.4 c 8.1,0 14.7,-6.2 14.7,-15.2 0,-9 -6.6,-15.2 -14.7,-15.2 -8.1,0 -14.7,6.2 -14.7,15.2 0,9 6.6,15.2 14.7,15.2 z m 0,-28.8 c 7.4,0 13,5.8 13,13.6 0,7.8 -5.5,13.6 -13,13.6 -7.4,0 -13,-5.8 -13,-13.6 0,-7.8 5.6,-13.6 13,-13.6 z"
     id="path297" /><polygon
     class="st0"
     points="59.3,54.3 59.3,84.1 61.1,84.1 61.1,70.6 74.7,70.6 74.7,69 61.1,69 61.1,55.9 76.1,55.9 76.1,54.3 "
     id="polygon299" /><polygon
     class="st0"
     points="89.5,55.9 89.5,84.1 91.2,84.1 91.2,55.9 100.3,55.9 100.3,54.3 80.3,54.3 80.3,55.9 "
     id="polygon301" /><path
     class="st0"
     d="m 132,78.2 c -0.3,0.8 -0.5,2 -0.5,2.1 0,-0.2 -0.3,-1.4 -0.5,-2.1 L 122.7,54 h -0.5 L 114,78.2 c -0.3,0.8 -0.6,2 -0.6,2.1 0,-0.2 -0.3,-1.4 -0.5,-2.1 l -7,-23.9 H 104 l 9,30.1 h 0.5 l 8.4,-24.7 c 0.3,-0.8 0.5,-2 0.5,-2.1 0,0.3 0.2,1.4 0.5,2.1 l 8.4,24.7 h 0.5 l 9,-30.1 H 139 Z"
     id="path303" /><path
     class="st0"
     d="M 146.8,76.1 H 161 l 3.1,8 h 1.8 L 154.2,54 h -0.5 L 142,84.1 h 1.7 z m 6.3,-16.2 c 0.4,-1 0.8,-2.5 0.8,-2.7 0,0.1 0.4,1.7 0.8,2.7 l 5.6,14.6 h -13 z"
     id="path305" /><path
     class="st0"
     d="m 189.8,63.1 c 0,-5.8 -3.9,-8.7 -10,-8.7 h -7.7 v 29.7 h 1.7 V 71.8 h 6 c 0.7,0 1.3,0 1.9,-0.1 l 7,12.4 h 2.1 l -7.2,-12.7 c 3.9,-1.2 6.2,-4 6.2,-8.3 z m -10.2,7.1 h -5.8 V 55.9 h 5.8 c 5.5,0 8.4,2.4 8.4,7.2 0,4.6 -2.9,7.1 -8.4,7.1 z"
     id="path307" /><polygon
     class="st0"
     points="214.2,55.9 214.2,54.3 197.4,54.3 197.4,84.1 214.8,84.1 214.8,82.5 199.2,82.5 199.2,69.9 212.7,69.9 212.7,68.3 199.2,68.3 199.2,55.9 "
     id="polygon309" /><polygon
     class="st0"
     points="16.9,108.4 16.9,106.8 0.1,106.8 0.1,136.5 1.9,136.5 1.9,123.1 15.5,123.1 15.5,121.5 1.9,121.5 1.9,108.4 "
     id="polygon311" /><path
     class="st0"
     d="m 35.8,106.5 c -8.1,0 -14.7,6.2 -14.7,15.2 0,9.1 6.6,15.2 14.7,15.2 8.1,0 14.7,-6.2 14.7,-15.2 0.1,-9.1 -6.5,-15.2 -14.7,-15.2 z m 0,28.8 c -7.4,0 -13,-5.8 -13,-13.6 0,-7.8 5.5,-13.6 13,-13.6 7.5,0 13,5.8 13,13.6 0,7.8 -5.6,13.6 -13,13.6 z"
     id="path313" /><path
     class="st0"
     d="m 74.7,126.5 c 0,5.7 -3.3,8.8 -8,8.8 -4.7,0 -8,-3.1 -8,-8.8 V 106.8 H 57 v 19.9 c 0,6.7 4.1,10.2 9.7,10.2 5.5,0 9.7,-3.5 9.7,-10.2 v -19.9 h -1.7 z"
     id="path315" /><path
     class="st0"
     d="m 105,130.9 c 0,0.9 0.1,2.2 0.1,2.2 0,0 -0.8,-1.2 -1.3,-2 L 85.4,106.4 h -0.5 v 30.1 h 1.6 v -24.1 c 0,-0.9 -0.1,-2.2 -0.1,-2.2 0,0 0.8,1.2 1.3,2 l 18.4,24.7 h 0.5 V 106.8 H 105 Z"
     id="path317" /><path
     class="st0"
     d="m 121.5,106.8 h -6.1 v 29.7 h 6.1 c 10,0 15.7,-5.7 15.7,-14.9 0,-9.2 -5.8,-14.8 -15.7,-14.8 z m -0.2,28.1 h -4.2 v -26.5 h 4.2 c 9.5,0 14.1,5.5 14.1,13.3 0,7.8 -4.6,13.2 -14.1,13.2 z"
     id="path319" /><path
     class="st0"
     d="m 151.4,106.5 -11.6,30.1 h 1.7 l 3,-8 h 14.2 l 3.1,8 h 1.8 L 152,106.5 Z m 6.8,20.5 h -13 l 5.6,-14.7 c 0.4,-1 0.8,-2.5 0.8,-2.7 0,0.1 0.4,1.7 0.8,2.7 z"
     id="path321" /><polygon
     class="st0"
     points="163.9,106.8 163.9,108.4 173.1,108.4 173.1,136.5 174.8,136.5 174.8,108.4 184,108.4 184,106.8 "
     id="polygon323" /><rect
     x="189.89999"
     y="106.8"
     class="st0"
     width="1.7"
     height="29.700001"
     id="rect325" /><path
     class="st0"
     d="m 213.3,106.5 c -8.1,0 -14.7,6.2 -14.7,15.2 0,9.1 6.6,15.2 14.7,15.2 8.1,0 14.7,-6.2 14.7,-15.2 0,-9.1 -6.6,-15.2 -14.7,-15.2 z m 0,28.8 c -7.4,0 -13,-5.8 -13,-13.6 0,-7.8 5.5,-13.6 13,-13.6 7.4,0 13,5.8 13,13.6 0,7.8 -5.6,13.6 -13,13.6 z"
     id="path327" /><path
     class="st0"
     d="m 254.9,106.8 v 24.1 c 0,0.9 0.1,2.2 0.1,2.2 0,0 -0.8,-1.2 -1.3,-2 l -18.4,-24.7 h -0.5 v 30.1 h 1.6 v -24.1 c 0,-0.9 -0.1,-2.2 -0.1,-2.2 0,0 0.8,1.2 1.3,2 l 18.4,24.7 h 0.5 v -30.1 z"
     id="path329" /></g>
<g
   aria-label="Rust Working Group"
   id="text444"
   style="font-size:40px;line-height:1.25"
   transform="translate(-0.4296875)"><path
     d="M 24.492187,201.22244 H 19.472656 L 9.7460938,189.65994 H 4.296875 v 11.5625 H 0.4296875 v -29.08203 h 8.1445313 q 2.6367192,0 4.3945312,0.35156 1.757813,0.33204 3.164062,1.21094 1.582032,0.9961 2.460938,2.51953 0.898437,1.50391 0.898437,3.82813 0,3.14453 -1.582031,5.27344 -1.582031,2.10937 -4.355468,3.18359 z m -9.042968,-20.89843 q 0,-1.25 -0.449219,-2.20704 -0.429687,-0.97656 -1.445312,-1.64062 -0.839844,-0.56641 -1.992188,-0.78125 -1.152344,-0.23438 -2.7148437,-0.23438 H 4.296875 v 10.97657 h 3.90625 q 1.835938,0 3.203125,-0.3125 1.367188,-0.33203 2.324219,-1.21094 0.878906,-0.82031 1.289062,-1.875 0.429688,-1.07422 0.429688,-2.71484 z"
     id="path878" /><path
     d="m 45.644531,201.22244 h -3.671875 v -2.42187 q -1.855469,1.46484 -3.554687,2.24609 -1.699219,0.78125 -3.75,0.78125 -3.4375,0 -5.351563,-2.08984 -1.914062,-2.10938 -1.914062,-6.17188 v -14.16015 h 3.671875 v 12.42187 q 0,1.66016 0.15625,2.85156 0.15625,1.17188 0.664062,2.01172 0.527344,0.85938 1.367188,1.25 0.839843,0.39063 2.441406,0.39063 1.425781,0 3.105469,-0.74219 1.699218,-0.74219 3.164062,-1.89453 v -16.28906 h 3.671875 z"
     id="path880" /><path
     d="m 68.457031,194.93338 q 0,2.98828 -2.480469,4.90234 -2.460937,1.91407 -6.738281,1.91407 -2.421875,0 -4.453125,-0.56641 -2.011719,-0.58594 -3.378906,-1.26953 v -4.12109 h 0.195312 q 1.738282,1.30859 3.867188,2.08984 2.128906,0.76172 4.082031,0.76172 2.421875,0 3.789063,-0.78125 1.367187,-0.78125 1.367187,-2.46094 0,-1.28906 -0.742187,-1.95312 -0.742188,-0.66407 -2.851563,-1.13282 -0.78125,-0.17578 -2.050781,-0.41015 -1.25,-0.23438 -2.285156,-0.50782 -2.871094,-0.76171 -4.082032,-2.22656 -1.191406,-1.48437 -1.191406,-3.63281 0,-1.34766 0.546875,-2.53906 0.566406,-1.19141 1.699219,-2.12891 1.09375,-0.91797 2.773437,-1.44531 1.699219,-0.54688 3.789063,-0.54688 1.953125,0 3.945312,0.48828 2.011719,0.46875 3.339844,1.15235 v 3.92578 h -0.195312 q -1.40625,-1.03516 -3.417969,-1.73828 -2.011719,-0.72266 -3.945313,-0.72266 -2.011718,0 -3.398437,0.78125 -1.386719,0.76172 -1.386719,2.28516 0,1.34765 0.839844,2.03125 0.820312,0.68359 2.65625,1.11328 1.015625,0.23437 2.265625,0.46875 1.269531,0.23437 2.109375,0.42969 2.558594,0.58593 3.945312,2.01172 1.386719,1.44531 1.386719,3.82812 z"
     id="path882" /><path
     d="m 85.039062,201.02713 q -1.035156,0.27344 -2.265625,0.44922 -1.210937,0.17578 -2.167968,0.17578 -3.339844,0 -5.078125,-1.79687 -1.738282,-1.79688 -1.738282,-5.76172 v -11.60157 h -2.480468 v -3.08593 h 2.480468 v -6.26953 h 3.671875 v 6.26953 h 7.578125 v 3.08593 h -7.578125 v 9.94141 q 0,1.71875 0.07813,2.69531 0.07813,0.95703 0.546875,1.79688 0.429688,0.78125 1.171875,1.15234 0.761719,0.35156 2.304688,0.35156 0.898437,0 1.875,-0.2539 0.976562,-0.27344 1.40625,-0.44922 h 0.195312 z"
     id="path884" /><path
     d="m 137.67578,172.14041 -7.55859,29.08203 h -4.35547 l -6.11328,-24.14062 -5.97656,24.14062 h -4.25782 l -7.69531,-29.08203 h 3.96484 l 6.11329,24.17969 6.01562,-24.17969 h 3.92578 l 6.07422,24.41406 6.07422,-24.41406 z"
     id="path886" /><path
     d="m 159.72656,190.32401 q 0,5.33203 -2.73437,8.41796 -2.73438,3.08594 -7.32422,3.08594 -4.62891,0 -7.36328,-3.08594 -2.71485,-3.08593 -2.71485,-8.41796 0,-5.33204 2.71485,-8.41797 2.73437,-3.10547 7.36328,-3.10547 4.58984,0 7.32422,3.10547 2.73437,3.08593 2.73437,8.41797 z m -3.78906,0 q 0,-4.23829 -1.66016,-6.28907 -1.66015,-2.07031 -4.60937,-2.07031 -2.98828,0 -4.64844,2.07031 -1.64062,2.05078 -1.64062,6.28907 0,4.10156 1.66015,6.23046 1.66016,2.10938 4.62891,2.10938 2.92969,0 4.58984,-2.08984 1.67969,-2.10938 1.67969,-6.25 z"
     id="path888" /><path
     d="m 179.02344,183.40994 h -0.19532 q -0.82031,-0.19531 -1.60156,-0.27343 -0.76172,-0.0977 -1.8164,-0.0977 -1.69922,0 -3.28125,0.76172 -1.58204,0.74219 -3.04688,1.93359 v 15.48828 h -3.67187 V 179.406 h 3.67187 v 3.22265 q 2.1875,-1.75781 3.84766,-2.48047 1.67968,-0.74218 3.41797,-0.74218 0.95703,0 1.38671,0.0586 0.42969,0.0391 1.28907,0.17578 z"
     id="path890" /><path
     d="m 202.28516,201.22244 h -4.84375 l -8.75,-9.55078 -2.38282,2.26563 v 7.28515 h -3.67187 v -30.39062 h 3.67187 v 19.49219 l 10.60547,-10.91797 h 4.62891 l -10.13672,10.07812 z"
     id="path892" /><path
     d="m 210.09766,175.75369 h -4.14063 v -3.80859 h 4.14063 z m -0.23438,25.46875 h -3.67187 v -21.8164 h 3.67187 z"
     id="path894" /><path
     d="m 235.37109,201.22244 h -3.67187 v -12.42187 q 0,-1.50391 -0.17578,-2.8125 -0.17578,-1.32813 -0.64453,-2.07031 -0.48829,-0.82032 -1.40625,-1.21094 -0.91797,-0.41016 -2.38282,-0.41016 -1.5039,0 -3.14453,0.74219 -1.64062,0.74219 -3.14453,1.89453 v 16.28906 h -3.67187 v -21.8164 h 3.67187 v 2.42187 q 1.71875,-1.42578 3.55469,-2.22656 1.83594,-0.80078 3.76953,-0.80078 3.53516,0 5.39062,2.1289 1.85547,2.12891 1.85547,6.13282 z"
     id="path896" /><path
     d="m 260.13672,198.74197 q 0,5.54688 -2.51953,8.14454 -2.51953,2.59765 -7.75391,2.59765 -1.73828,0 -3.39844,-0.2539 -1.64062,-0.23438 -3.24218,-0.6836 v -3.75 h 0.19531 q 0.89844,0.35156 2.85156,0.85938 1.95313,0.52734 3.90625,0.52734 1.875,0 3.10547,-0.44922 1.23047,-0.44922 1.91406,-1.25 0.6836,-0.76172 0.97656,-1.83594 0.29297,-1.07421 0.29297,-2.40234 v -1.99219 q -1.66015,1.32813 -3.18359,1.99219 -1.50391,0.64453 -3.84766,0.64453 -3.90625,0 -6.21093,-2.8125 -2.28516,-2.83203 -2.28516,-7.96875 0,-2.8125 0.78125,-4.84375 0.80078,-2.05078 2.16797,-3.53515 1.26953,-1.38672 3.08594,-2.14844 1.8164,-0.78125 3.61328,-0.78125 1.89453,0 3.16406,0.39062 1.28906,0.3711 2.71484,1.15235 l 0.23438,-0.9375 h 3.4375 z m -3.67188,-3.51562 v -11.89453 q -1.46484,-0.66406 -2.73437,-0.9375 -1.25,-0.29297 -2.5,-0.29297 -3.02735,0 -4.76563,2.03125 -1.73828,2.03125 -1.73828,5.89844 0,3.67187 1.28906,5.5664 1.28907,1.89453 4.27735,1.89453 1.60156,0 3.20312,-0.60546 1.6211,-0.625 2.96875,-1.66016 z"
     id="path898" /><path
     d="m 305.97656,199.07401 q -2.38281,1.09375 -5.21484,1.91406 -2.8125,0.80078 -5.44922,0.80078 -3.39844,0 -6.23047,-0.9375 -2.83203,-0.9375 -4.82422,-2.8125 -2.01172,-1.89453 -3.10547,-4.72656 -1.09375,-2.85157 -1.09375,-6.66016 0,-6.97266 4.0625,-10.99609 4.08203,-4.04297 11.19141,-4.04297 2.48047,0 5.05859,0.60547 2.59766,0.58593 5.58594,2.01172 v 4.58984 h -0.35156 q -0.60547,-0.46875 -1.75781,-1.23047 -1.15235,-0.76172 -2.26563,-1.26953 -1.34766,-0.60547 -3.06641,-0.99609 -1.69921,-0.41016 -3.86718,-0.41016 -4.88282,0 -7.73438,3.14453 -2.83203,3.125 -2.83203,8.47656 0,5.64453 2.96875,8.78907 2.96875,3.125 8.08594,3.125 1.875,0 3.73047,-0.3711 1.875,-0.37109 3.28125,-0.95703 v -7.12891 h -7.79297 v -3.39843 h 11.62109 z"
     id="path900" /><path
     d="m 326.05469,183.40994 h -0.19532 q -0.82031,-0.19531 -1.60156,-0.27343 -0.76172,-0.0977 -1.8164,-0.0977 -1.69922,0 -3.28125,0.76172 -1.58204,0.74219 -3.04688,1.93359 v 15.48828 h -3.67187 V 179.406 h 3.67187 v 3.22265 q 2.1875,-1.75781 3.84766,-2.48047 1.67968,-0.74218 3.41797,-0.74218 0.95703,0 1.38671,0.0586 0.42969,0.0391 1.28907,0.17578 z"
     id="path902" /><path
     d="m 348.10547,190.32401 q 0,5.33203 -2.73438,8.41796 -2.73437,3.08594 -7.32422,3.08594 -4.6289,0 -7.36328,-3.08594 -2.71484,-3.08593 -2.71484,-8.41796 0,-5.33204 2.71484,-8.41797 2.73438,-3.10547 7.36328,-3.10547 4.58985,0 7.32422,3.10547 2.73438,3.08593 2.73438,8.41797 z m -3.78906,0 q 0,-4.23829 -1.66016,-6.28907 -1.66016,-2.07031 -4.60938,-2.07031 -2.98828,0 -4.64843,2.07031 -1.64063,2.05078 -1.64063,6.28907 0,4.10156 1.66016,6.23046 1.66015,2.10938 4.6289,2.10938 2.92969,0 4.58985,-2.08984 1.67969,-2.10938 1.67969,-6.25 z"
     id="path904" /><path
     d="m 371.875,201.22244 h -3.67188 v -2.42187 q -1.85546,1.46484 -3.55468,2.24609 -1.69922,0.78125 -3.75,0.78125 -3.4375,0 -5.35157,-2.08984 -1.91406,-2.10938 -1.91406,-6.17188 v -14.16015 h 3.67188 v 12.42187 q 0,1.66016 0.15625,2.85156 0.15625,1.17188 0.66406,2.01172 0.52734,0.85938 1.36719,1.25 0.83984,0.39063 2.4414,0.39063 1.42578,0 3.10547,-0.74219 1.69922,-0.74219 3.16406,-1.89453 v -16.28906 h 3.67188 z"
     id="path906" /><path
     d="m 398.30078,190.05057 q 0,2.65625 -0.76172,4.86328 -0.76172,2.1875 -2.14844,3.71094 -1.28906,1.44531 -3.04687,2.24609 -1.73828,0.78125 -3.69141,0.78125 -1.69922,0 -3.08593,-0.37109 -1.36719,-0.3711 -2.79297,-1.15235 v 9.14063 h -3.67188 v -29.86328 h 3.67188 v 2.28515 q 1.46484,-1.23047 3.28125,-2.05078 1.83593,-0.83984 3.90625,-0.83984 3.94531,0 6.13281,2.98828 2.20703,2.96875 2.20703,8.26172 z m -3.78906,0.0977 q 0,-3.94531 -1.34766,-5.89843 -1.34765,-1.95313 -4.14062,-1.95313 -1.58203,0 -3.1836,0.6836 -1.60156,0.68359 -3.0664,1.79687 v 12.36328 q 1.5625,0.70313 2.67578,0.95703 1.13281,0.25391 2.55859,0.25391 3.06641,0 4.78516,-2.07031 1.71875,-2.07032 1.71875,-6.13282 z"
     id="path908" /></g></svg>
